-1
-1
-1
-1
-1
1.7235620203391462
1.1029069517877315
0.9876742685895401
0.9591518945028933
0.9521478219054644
0.9504902034682311
0.9501152394804848
0.950033643184645
0.9500165362860216
0.9500130589066025
0.9500123708521688
0.9500122378992002
0.9500122127424943
0.9500122080707791
0.9500122072176773
0.950012207064237
0.9500122070370155
0.9500122070322465
0.9500122070314204
0.9500122070312789
0.9500122070312549
0.9500122070312509
0.9500122070312502
-1
-1
-1
-1
-1
-1
-1
-1
-1
-1
0.95001220703125
0.95001220703125
0.95001220703125
0.95001220703125
0.95001220703125
0.95001220703125
0.95001220703125
0.95001220703125
0.95001220703125
0.95001220703125
0.95001220703125
0.95001220703125
0.95001220703125
0.95001220703125
0.95001220703125
0.95001220703125
0.95001220703125
0.95001220703125
0.95001220703125
0.95001220703125
0.95001220703125
0.95001220703125
0.95001220703125
0.95001220703125
0.95001220703125
0.95001220703125
0.95001220703125
0.95001220703125
0.95001220703125
0.95001220703125
0.95001220703125
0.95001220703125
0.95001220703125
0.95001220703125
0.95001220703125
0.95001220703125
0.95001220703125
0.95001220703125
0.95001220703125
0.95001220703125
0.95001220703125
0.95001220703125
0.95001220703125
0.95001220703125
0.95001220703125
0.95001220703125
0.95001220703125
0.95001220703125
0.95001220703125
0.95001220703125
0.95001220703125
0.95001220703125
0.95001220703125
0.95001220703125
0.95001220703125
0.95001220703125
0.95001220703125
0.95001220703125
0.95001220703125
0.95001220703125
0.95001220703125
0.95001220703125
