0.6652431594976468 9.153895999284341
0.6717816529882328 2.0883091810248473
0.6717816529882328 1.7150430439494506
0.6717816529882328 1.5219838356637454
0.6717816529882328 1.4070792837913817
0.6717816529882328 1.3321838481006019
0.6717816529882328 1.2791330103765453
0.6717816529882328 1.237772529447833
0.6717816529882328 1.2059694080691923
0.6717816529882328 1.1808089311598993
0.6717816529882328 1.1600480968744065
0.6717816529882328 1.1425114092581148
0.6717816529882328 1.127526882729648
0.6717816529882328 1.1148257591305195
0.6717816529882328 1.104013157528174
0.6717816529882328 1.094439851705498
0.6717816529882328 1.0858696780496433
0.6717816529882328 1.0783247493155745
0.6717816529882328 1.0716124305855623
0.6717816529882328 1.0654938567668075
0.6717816529882328 1.0600606620156645
0.6717816529882328 1.0551609606339036
0.6717816529882328 1.0506190482716142
0.6717816529882328 1.0464146563081484
0.6717816529882328 1.0425174362949008
0.6717816529882328 1.0389310254395032
0.6717816529882328 1.0355806409749058
0.6717816529882328 1.032512083886808
0.6717816529882328 1.0296842819450773
0.6717816529882328 1.0270116292331393
0.6717816529882328 1.0245196229744915
0.6717816529882328 1.0221698462247821
0.6717816529882328 1.0199897058532392
0.6717816529882328 1.0179506297544625
0.6717816529882328 1.0160128423776198
0.6717816529882328 1.014179119788574
0.6717816529882328 1.0124710928285792
0.6717816529882328 1.0108365713266625
0.6717816529882328 1.00929544328252
0.6717816529882328 1.0078317384560844
0.6717816529882328 1.0064446123337012
0.6717816529882328 1.0051223803100198
0.6717816529882328 1.003859516026635
0.6717816529882328 1.0026307498762226
0.6717816529882328 1.0014633631718755
0.6717816529882328 1.0003298871015531
0.6717816529882328 0.9992676442940829
0.6717816529882328 0.9982362953111641
0.6717816529882328 0.9972503885125462
0.6717816529882328 0.9963111026159878
0.6717816529882328 0.9954109575335232
0.6717816529882328 0.9945329198906357
0.6717816529882328 0.9936885500315611
0.6717816529882328 0.9928844910974972
0.6717816529882328 0.9921076633653974
0.6717816529882328 0.9913653696405867
0.6717816529882328 0.9906518800456183
0.6717816529882328 0.9899561712324093
0.6717816529882328 0.9892793204894217
0.6717816529882328 0.98862149365468
0.6717816529882328 0.9879937264342171
0.6717816529882328 0.9873733183369325
0.6717816529882328 0.9867783798957233
0.6717816529882328 0.986210139945672
0.6717816529882328 0.9856537442186512
0.6717816529882328 0.9851194867712535
0.6717816529882328 0.9845964683444284
0.6717816529882328 0.9840912722998426
0.6717816529882328 0.983600627635578
0.6717816529882328 0.9831198583923425
0.6717816529882328 0.9826460830827024
0.6717816529882328 0.9821943735816763
0.6717816529882328 0.9817601593608216
0.6717816529882328 0.9813371979144344
0.6717816529882328 0.9809172026647532
0.6717816529882328 0.9805120302982491
0.6717816529882328 0.980114831141346
0.6717816529882328 0.97972903922953
0.6717816529882328 0.9793556241454839
0.6717816529882328 0.978998809952318
0.6717816529882328 0.978646259210768
0.6717816529882328 0.9782952926662201
0.6717816529882328 0.9779492824128386
0.6717816529882328 0.9776141642778879
0.6717816529882328 0.9772904596989667
0.6717816529882328 0.976972794817732
0.6717816529882328 0.9766629798729644
0.6717816529882328 0.976361145092653
0.6717816529882328 0.9760672255132835
0.6717816529882328 0.975776687685805
0.6717816529882328 0.9754915514817881
0.6717816529882328 0.9752177182724704
0.6717816529882328 0.9749464037279151
0.6717816529882328 0.9746807835998732
0.6717816529882328 0.974421760497843
0.6717816529882328 0.9741672958802249
0.6717816529882328 0.9739148830400779
0.6717816529882328 0.9736758342063397
0.6717816529882328 0.9734391980708131
0.6717816529882328 0.9732042483149712
