[-0.35630095375724796 -1.7520760336939292; -0.057098017100732236 0.9262405094853716]

[-1.0025775249390196 0.35564172966144936; -0.01094819510863365 0.5106100376225976]

[-0.8304488630107022 -0.5488013010939014; -0.30728137981798154 -0.005394926625104089]

[-0.12264385232852724 -0.5132986766380205; -0.512239944583497 0.7657920763290312]

[2.968207574740448 -2.2374945860620774; 2.1714600819887067 -1.2999866350779252]



[-1.0235295492932464 -0.18043216737610002; 0.22089515155285355 0.6938952149412263]

[0.5369001088015055 0.6531571201510247; 0.6534978858679016 0.07830512321301701]

[0.09052970480096943 -0.48983627637678495 0.35393631188643254; -1.4102510663571808 -0.29603879196786076 -0.07234411571531388; -0.14141377348869863 -0.7488699937150097 0.27614247133103026]

[-0.5939286228663733 0.5535426721612529 1.2248015944818176; 0.408167813638229 0.8763244470981735 0.34020098544574057; -0.6060865277042067 -0.05753029855797154 -0.5839547395592828]

[0.4375384908998181 0.7795355770667252 -0.040099732530774146 -0.9564589786862254; -0.3584137805621985 0.5029762608178756 0.8425925749366162 0.047141361920994176; -0.2122617369439823 0.3400430543990932 -0.6193243388767498 -0.2548568896262528; -0.5348879889590828 -0.4480647159808548 0.22667437197876164 0.47926967971510176]

[0.40585387400758044 -0.20768007117355278 -0.40531844944814416 0.7693763101060594; 0.3904731792448494 0.019051310534303843 -0.018487375220524044 0.8895232021535535; 1.0853492832256844 -0.5035357436868629 0.36150631725258847 -0.18468125200170102; -0.5794584798986746 -0.32184050196635594 0.3553477751497201 0.9469177219636563]

[-0.06307480402303137 0.5280995363461506 -0.004101271836206635 -0.37531257407235774 -0.5329050052128116; -0.3465538216826522 0.16895463652750348 0.27757855949094407 -0.35499324559732354 0.9662239420459873; -0.5456706356225736 -0.20081555629274084 -0.06090206291960528 0.17685768398708618 0.4732237247613474; -0.32281209656223225 -0.029600337572470315 -0.5067884085242049 -0.7324477402283953 -0.14831802744209363; -0.1156836687582911 -0.2884286190877954 0.3393287621745705 -0.19226110081584863 -0.4235914578487072]

[0.19995160026320255 0.11420853472585275 0.11894645812625691 -0.0321565153396973 -0.33414740360705303; -0.19120437801981657 0.1580328710636839 -0.024895108741009128 0.20169822805023205 0.18151280482185522; 0.19700752206599945 0.6967664962237133 0.16301825640202722 0.020859211026323963 0.5003448906619238; -0.20387169402381075 0.10646644945126305 0.5308799607574144 -0.2724196354999126 0.048406470573328295; 0.09298522902986386 -0.3208636298456948 0.6003699388837593 0.19617952171942324 0.5393599948716818]

[0.021081339974986433 0.12328817402783142 -0.22342469158517897 1.1457479596436237 0.3413479760805772 0.11149349120740065; -0.4248452638870633 -0.13063559942913655 -0.2595846035651232 -0.07419726869309613 0.15857756452047342 -0.059647434611841466; -0.9372515195234624 0.4124099752318773 0.5575764288356809 -0.1803909625476108 0.1083523430353561 0.6712618760304393; -0.40894344201154365 0.11740291527105899 0.47056334175376496 -0.6047300870174241 0.1326776181988985 -0.5204764690197379; -0.3352929668220383 -0.30679240549618286 0.10284558755440863 0.05452100374895031 0.2311343540797622 1.1495449079920566; -0.3901383834187253 -0.3253212135470274 -0.5193129896599225 0.46005021326010415 -0.05197936316715863 -0.14067349250058073]

[0.18070553192065664 -0.3184162121552525 0.038936258494291276 -0.05364397845850536 -0.007175682228243215 0.08234272731765571; -0.08709300608483074 -0.27009364549419085 -0.3378663792803629 -0.428999769823738 -0.2712020112177062 -0.554402993539893; -0.42915657978146743 -0.4653537623405627 0.1128275715875613 0.3198922238974393 -0.7651672337288782 0.020187113881388764; 0.14586852722005927 0.023927379547568146 0.6126787428295452 -0.0694237983600097 0.7285651119515563 -0.09358843000271803; -0.005649897332273336 -0.21635070578935195 -0.09893937388113036 -0.3452344435268034 0.20366871696723937 -0.4788794533578263; -0.40528109486261743 -0.047120365546173416 -0.13285375514717518 0.7605212664244042 0.2790147308193176 -0.29779271786888406]


