-1
-1
-1
-1
-1
-1
-1
3.242170536909265
1.7523013621300871
1.553395801333704
1.5115315514231675
1.502101248588046
1.500388437873662
1.500029723819339
1.4999568229970308
1.4999423990522252
1.4999396119333976
1.49993908456943
1.499938986635554
1.499938968751854
1.499938965535257
1.4999389649646144
1.499938964864639
1.4999389648473234
1.4999389648443555
1.499938964843852
1.4999389648437669
1.4999389648437529
1.4999389648437507
-1
-1
-1
-1
-1
-1
-1
-1
-1
-1
1.49993896484375
1.49993896484375
1.49993896484375
1.49993896484375
1.49993896484375
1.49993896484375
1.49993896484375
1.49993896484375
1.49993896484375
1.49993896484375
1.49993896484375
1.49993896484375
1.49993896484375
1.49993896484375
1.49993896484375
1.49993896484375
1.49993896484375
1.49993896484375
1.49993896484375
1.49993896484375
1.49993896484375
1.49993896484375
1.49993896484375
1.49993896484375
1.49993896484375
1.49993896484375
1.49993896484375
1.49993896484375
1.49993896484375
1.49993896484375
1.49993896484375
1.49993896484375
1.49993896484375
1.49993896484375
1.49993896484375
1.49993896484375
1.49993896484375
1.49993896484375
1.49993896484375
1.49993896484375
1.49993896484375
1.49993896484375
1.49993896484375
1.49993896484375
1.49993896484375
1.49993896484375
1.49993896484375
1.49993896484375
1.49993896484375
1.49993896484375
1.49993896484375
1.49993896484375
1.49993896484375
1.49993896484375
1.49993896484375
1.49993896484375
1.49993896484375
1.5000152587890625
1.5000152587890625
1.5000152587890625
1.5000152587890625
