0.3996249536375023 6.240930282147383
0.3996249536375023 3.426002502566601
0.3996249536375023 2.4804900834209347
0.3996249536375023 2.005091468832066
0.3996249536375023 1.7188381660539311
0.3996249536375023 1.527552024950797
0.3996249536375023 1.3906905642898635
0.3996249536375023 1.2879146176571332
0.3996249536375023 1.2078990623827943
0.3996249536375023 1.1438357308590532
0.3996249536375023 1.091387432125374
0.3996249536375023 1.047656286187041
0.3996249536375023 1.01063660953338
0.3996249536375023 0.9788934032503898
0.3996249536375023 0.9513726663834127
0.3996249536375023 0.9272852175535167
0.3996249536375023 0.9060260482102025
0.3996249536375023 0.8871246932728611
0.3996249536375023 0.8702094953693276
0.3996249536375023 0.8549828103119745
0.3996249536375023 0.841203875626398
0.3996249536375023 0.8286758037551907
0.3996249536375023 0.8172355534774014
0.3996249536375023 0.8067472811513144
0.3996249536375023 0.7970969193736772
0.3996249536375023 0.7881879301297776
0.3996249536375023 0.7799379760900153
0.3996249536375023 0.7722766430165817
0.3996249536375023 0.765143041788581
0.3996249536375023 0.7584844987202127
0.3996249536375023 0.7522550542345049
0.3996249536375023 0.7464145783955098
0.3996249536375023 0.7409276432198111
0.3996249536375023 0.7357631519866126
0.3996249536375023 0.7308934730792455
0.3996249536375023 0.7262941859182116
0.3996249536375023 0.7219432319657542
0.3996249536375023 0.7178210290100705
0.3996249536375023 0.7139100135241382
0.3996249536375023 0.7101943438692155
0.3996249536375023 0.70665984559572
0.3996249536375023 0.7032934258221635
0.3996249536375023 0.7000835125887791
0.3996249536375023 0.6970193753514394
0.3996249536375023 0.6940912930440164
0.3996249536375023 0.6912904656847545
0.3996249536375023 0.6886087085074418
0.3996249536375023 0.6860386325010124
0.3996249536375023 0.6835733974931759
0.3996249536375023 0.6812067019929976
0.3996249536375023 0.6789327299914611
0.3996249536375023 0.6767461636622931
0.3996249536375023 0.674642045265008
0.3996249536375023 0.6726158190993836
0.3996249536375023 0.6706632261926081
0.3996249536375023 0.6687803393286663
0.3996249536375023 0.6669634733944612
0.3996249536375023 0.6652092248576845
0.3996249536375023 0.6635143775271289
0.3996249536375023 0.6618760154477374
0.3996249536375023 0.6602913452489144
0.3996249536375023 0.6587577559903491
0.3996249536375023 0.6572728234572891
0.3996249536375023 0.6558342637446041
0.3996249536375023 0.6544399439499774
0.3996249536375023 0.653087853296904
0.3996249536375023 0.6517761032441388
0.3996249536375023 0.6505029293752289
0.3996249536375023 0.6492666222199149
0.3996249536375023 0.6480656451951866
0.3996249536375023 0.6468984759958987
0.3996249536375023 0.6457637087511078
0.3996249536375023 0.6446600202567598
0.3996249536375023 0.6435861402492583
0.3996249536375023 0.6425408862037962
0.3996249536375023 0.6415231193329884
0.3996249536375023 0.6405317800513317
0.3996249536375023 0.6395658489903353
0.3996249536375023 0.6386243570168287
0.3996249536375023 0.6377063960611293
0.3996249536375023 0.6368110959824564
0.3996249536375023 0.6359376149093264
0.3996249536375023 0.635085175541371
0.3996249536375023 0.6342530198956768
0.3996249536375023 0.6334404483894516
0.3996249536375023 0.6326467606155081
0.3996249536375023 0.6318713091687865
0.3996249536375023 0.6311134744497195
0.3996249536375023 0.6303726625191477
0.3996249536375023 0.6296483015099313
0.3996249536375023 0.6289398594736322
0.3996249536375023 0.6282468130097626
0.3996249536375023 0.6275686669594616
0.3996249536375023 0.6269049421144662
0.3996249536375023 0.626255190216275
0.3996249536375023 0.6256189706601555
0.3996249536375023 0.6249958533853178
0.3996249536375023 0.6243854505265062
0.3996249536375023 0.6237873679602893
0.3996249536375023 0.6232012473434794
