-1
-1
-1
-1
-1
-1
2.269283345203981
1.0803906730815969
0.9398497856394953
0.9090795836149795
0.9019934545345332
0.9001308637990345
0.9000586454385247
0.90004350456763
0.9000404268254606
0.9000398178454438
0.9000397001720232
0.900039677906444
0.9000396737716241
0.9000396730165648
0.9000396728807585
0.9000396728566654
0.9000396728524445
0.9000396728517134
0.900039672851588
0.9000396728515669
0.9000396728515633
0.9000396728515625
-1
-1
-1
-1
-1
-1
-1
-1
-1
-1
0.9000396728515625
0.9000396728515625
0.9000396728515625
0.9000396728515625
0.9000396728515625
0.9000396728515625
0.9000396728515625
0.9000396728515625
0.9000396728515625
0.9000396728515625
0.9000396728515625
0.9000396728515625
0.9000396728515625
0.9000396728515625
0.9000396728515625
0.9000396728515625
0.9000396728515625
0.9000396728515625
0.9000396728515625
0.9000396728515625
0.9000396728515625
0.9000396728515625
0.9000396728515625
0.9000396728515625
0.9000396728515625
0.9000396728515625
0.9000396728515625
0.9000396728515625
0.9000396728515625
0.9000396728515625
0.9000396728515625
0.9000396728515625
0.9000396728515625
0.9000396728515625
0.9000396728515625
0.9000396728515625
0.9000396728515625
0.9000396728515625
0.9000396728515625
0.9000396728515625
0.9000396728515625
0.9000396728515625
0.9000396728515625
0.9000396728515625
0.9000396728515625
0.9000396728515625
0.9000396728515625
0.9000396728515625
0.9000396728515625
0.9000396728515625
0.9000396728515625
0.9000396728515625
0.9000396728515625
0.9000396728515625
0.9000396728515625
0.9000396728515625
0.9000396728515625
0.9000396728515625
0.9000396728515625
0.9000396728515625
0.9000396728515625
0.9000396728515625
