0.3525607480171452 4.756306902956521
0.3535318114068362 2.135189842757697
0.3535318114068362 1.6075057115610054
0.3535318114068362 1.3147934022791385
0.3535318114068362 1.1528514570860968
0.3535318114068362 1.046643398310409
0.3535318114068362 0.9694840996602635
0.35359654896614895 0.9039900318888845
0.35359654896614895 0.8584694117312686
0.35359654896614895 0.822986532610644
0.35359654896614895 0.7940043481374341
0.35359654896614895 0.7697383440292582
0.35359654896614895 0.7496972167826742
0.35359654896614895 0.7317078174518626
0.35359654896614895 0.7163083381465931
0.35359654896614895 0.702488247869306
0.35359654896614895 0.6900815042069689
0.35359654896614895 0.6794724220059409
0.35359654896614895 0.6703768791264594
0.35359654896614895 0.6618931421999369
0.35359654896614895 0.6543630093832237
0.35359654896614895 0.6476098541439351
0.35359654896614895 0.6409088621496184
0.35359654896614895 0.634984442417617
0.35359654896614895 0.6294251339136515
0.35359654896614895 0.6244447939350933
0.35359654896614895 0.6199033749220942
0.35359654896614895 0.6156438340350834
0.35359654896614895 0.6117091693907972
0.35359654896614895 0.607964335426191
0.35359654896614895 0.6044064212427267
0.35359654896614895 0.601076150586694
0.35359654896614895 0.5980217571888
0.35359654896614895 0.5951853412553283
0.35359654896614895 0.5925096221992343
0.35359654896614895 0.5900330703184348
0.35359654896614895 0.5875937870703287
0.35359654896614895 0.5852754212741982
0.35359654896614895 0.5831656729208486
0.35359654896614895 0.5810826982395367
0.35359654896614895 0.579168227216686
0.35359654896614895 0.577325928967022
0.35359654896614895 0.5755520027292436
0.35359654896614895 0.5738317159938437
0.35359654896614895 0.5722425038712058
0.35359654896614895 0.5706685233956407
0.35359654896614895 0.5692361152098064
0.35359654896614895 0.5678055686023507
0.35359654896614895 0.5663968350329683
0.35359654896614895 0.5650330485367634
0.35359654896614895 0.563778289032496
0.35359654896614895 0.5625351176424708
0.35359654896614895 0.5613198608660971
0.35359654896614895 0.5601783908661935
0.35359654896614895 0.5590555450622877
0.35359654896614895 0.5580297021210355
0.35359654896614895 0.557019122266711
0.35359654896614895 0.5560319770076142
0.35359654896614895 0.5550625332109499
0.35359654896614895 0.5541367024882562
0.35359654896614895 0.5532880820912962
0.35359654896614895 0.5524259598193113
0.35359654896614895 0.5515764837578575
0.35359654896614895 0.5507663806991726
0.35359654896614895 0.5499722899650018
0.35359654896614895 0.5492114508793974
0.35359654896614895 0.5484690098364565
0.35359654896614895 0.5477545555467549
0.35359654896614895 0.547067083878721
0.35359654896614895 0.546404013225657
0.35359654896614895 0.545740286535942
0.35359654896614895 0.5451309366553113
0.35359654896614895 0.5445321423939109
0.35359654896614895 0.5439493419118554
0.35359654896614895 0.5433722100555224
0.35359654896614895 0.542802153894343
0.35359654896614895 0.5422525533220467
0.35359654896614895 0.5417034762565047
0.35359654896614895 0.541177757254263
0.35359654896614895 0.5406746498975582
0.35359654896614895 0.5401922496102669
0.35359654896614895 0.5397074437862717
0.35359654896614895 0.5392339939928741
0.35359654896614895 0.5387572463161525
0.35359654896614895 0.5383038031977598
0.35359654896614895 0.5378659445377935
0.35359654896614895 0.5374315837505904
0.35359654896614895 0.5370117734966824
0.35359654896614895 0.5366035326777141
0.35359654896614895 0.5361996623218123
0.35359654896614895 0.5358005583619573
0.35359654896614895 0.5354092679207226
0.35359654896614895 0.5350321391607246
0.35359654896614895 0.5346668381966352
0.35359654896614895 0.5343043417956032
0.35359654896614895 0.5339450127472655
0.35359654896614895 0.5335956616221208
0.35359654896614895 0.533253426546127
0.35359654896614895 0.5329190702766272
0.35359654896614895 0.5325894545541496
