-1
-1
-1
-1
-1
4.366374509863772
1.8968427441678986
1.5925469501228555
1.5221728154914558
1.5051759769717303
1.5011694498543602
1.5002641561055492
1.5000670405214271
1.500025716566864
1.5000173165817332
1.500015654515241
1.5000153333537474
1.5000152725851559
1.5000152613001512
1.500015259239397
1.5000152588687456
1.5000152588029898
1.5000152587914697
1.5000152587894746
1.5000152587891324
1.5000152587890745
1.5000152587890645
1.500015258789063
-1
-1
-1
-1
-1
-1
-1
-1
-1
-1
1.5000152587890625
1.5000152587890625
1.5000152587890625
1.5000152587890625
1.5000152587890625
1.5000152587890625
1.5000152587890625
1.5000152587890625
1.5000152587890625
1.5000152587890625
1.5000152587890625
1.5000152587890625
1.5000152587890625
1.5000152587890625
1.5000152587890625
1.5000152587890625
1.5000152587890625
1.5000152587890625
1.5000152587890625
1.5000152587890625
1.5000152587890625
1.5000152587890625
1.5000152587890625
1.5000152587890625
1.5000152587890625
1.5000152587890625
1.5000152587890625
1.5000152587890625
1.5000152587890625
1.5000152587890625
1.5000152587890625
1.5000152587890625
1.5000152587890625
1.5000152587890625
1.5000152587890625
1.5000152587890625
1.5000152587890625
1.5000152587890625
1.5000152587890625
1.5000152587890625
1.5000152587890625
1.5000152587890625
1.5000152587890625
1.5000152587890625
1.5000152587890625
1.5000152587890625
1.5000152587890625
1.5000152587890625
1.5000152587890625
1.5000152587890625
1.5000152587890625
1.5000152587890625
1.5000152587890625
1.5000152587890625
1.5000152587890625
1.5000152587890625
1.5000152587890625
1.5000152587890625
1.5000152587890625
1.5000152587890625
1.5000152587890625
1.5000152587890625
