1.0504316374084095 14.451393014882816
1.0606601717798214 3.314940651035971
1.0606601717798214 2.703047429699885
1.0606601717798214 2.4085290224329006
1.0606601717798214 2.2267079290876355
1.0606601717798214 2.1034891489003766
1.0606601717798214 2.020826886746754
1.0606601717798214 1.9600226098095623
1.0606601717798214 1.908692749158567
1.0606601717798214 1.8674786658427793
1.0606601717798214 1.8345341227007645
1.0606601717798214 1.806484121037417
1.0606601717798214 1.7817353767728197
1.0606601717798214 1.7612638288850389
1.0606601717798214 1.7444092124626764
1.0606601717798214 1.7293172388336597
1.0606601717798214 1.7160463272033286
1.0606601717798214 1.7043657958146115
1.0606601717798214 1.6934412361444273
1.0606601717798214 1.6832600898308123
1.0606601717798214 1.6743249400228746
1.0606601717798214 1.6666382589117448
1.0606601717798214 1.6596200700437576
1.0606601717798214 1.6528872498594722
1.0606601717798214 1.6467681161146093
1.0606601717798214 1.6412406811866336
1.0606601717798214 1.6358739715151374
1.0606601717798214 1.6309233160777976
1.0606601717798214 1.6264021950057905
1.0606601717798214 1.6222724608816852
1.0606601717798214 1.618195457537034
1.0606601717798214 1.6145139197586906
1.0606601717798214 1.611162675771949
1.0606601717798214 1.6079082896602694
1.0606601717798214 1.6048004472036368
1.0606601717798214 1.6018683200269956
1.0606601717798214 1.59916833758007
1.0606601717798214 1.5964702894875682
1.0606601717798214 1.5939832374336098
1.0606601717798214 1.5916225289864931
1.0606601717798214 1.5893917291463864
1.0606601717798214 1.587357584832802
1.0606601717798214 1.5853785878594282
1.0606601717798214 1.583436675845029
1.0606601717798214 1.5815836963644965
1.0606601717798214 1.5797860126072327
1.0606601717798214 1.5780957947682055
1.0606601717798214 1.5764500135582775
1.0606601717798214 1.5747901082152633
1.0606601717798214 1.573279363161083
1.0606601717798214 1.5718306006016833
1.0606601717798214 1.5704519634991683
1.0606601717798214 1.5691729595267427
1.0606601717798214 1.5679193269290082
1.0606601717798214 1.566683195225356
1.0606601717798214 1.5655217900171756
1.0606601717798214 1.5643775337445673
1.0606601717798214 1.5633108298350307
1.0606601717798214 1.5622605721885128
1.0606601717798214 1.5611779334817886
1.0606601717798214 1.5601533707123878
1.0606601717798214 1.5591491556156671
1.0606601717798214 1.5582152073290092
1.0606601717798214 1.5573404183938808
1.0606601717798214 1.5564569530927381
1.0606601717798214 1.5556392726295478
1.0606601717798214 1.5548003721898682
1.0606601717798214 1.5540074740644871
1.0606601717798214 1.553215615124812
1.0606601717798214 1.552437632645718
1.0606601717798214 1.551704265945932
1.0606601717798214 1.5509554210458671
1.0606601717798214 1.5502669454080436
1.0606601717798214 1.5495393655370544
1.0606601717798214 1.5488953528835043
1.0606601717798214 1.548259167724969
1.0606601717798214 1.5476257264404591
1.0606601717798214 1.547020241102753
1.0606601717798214 1.5464326875910333
1.0606601717798214 1.5458729424018283
1.0606601717798214 1.545307981617589
1.0606601717798214 1.5447312141296738
1.0606601717798214 1.544176605975095
1.0606601717798214 1.5436567483264623
1.0606601717798214 1.543134147644268
1.0606601717798214 1.5426072491823681
1.0606601717798214 1.5421153982442328
1.0606601717798214 1.5416515258186152
1.0606601717798214 1.5411749976048106
1.0606601717798214 1.5407229594750729
1.0606601717798214 1.5402603966087227
1.0606601717798214 1.5398148112782872
1.0606601717798214 1.5393841499529277
1.0606601717798214 1.5389623447616354
1.0606601717798214 1.5385551030157345
1.0606601717798214 1.5381550172341563
1.0606601717798214 1.5377576509034976
1.0606601717798214 1.537372515687873
1.0606601717798214 1.536998962641314
1.0606601717798214 1.5366248715231627
